33
12
43
4
19
48
21
13
29
34
20
24
25
40
28
31
38
2
50
11
44
49
42
16
41
46
54
35
6
15
8
47
10
22
17
60
19
12
13
14
18
28
20
25
21
23
27
39
24
16
26
29
40
30
37
31
33
43
32
34
44
41
49
35
36
52
61
53
42
76
45
50
46
47
48
55
93
80
67
89
142
69
74
75
70
149
71
77
78
81
242
111
88
87
91
94
155
95
119
137
188
136
162
138
139
140
146
164
221
172
148
159
215
228
168
175
182
229
278
305
340
214
370
277
273
275
282
310
302
288
286
321
568
307
631
357
845
343
350
612
389
598
643
535
561
620
552
662
548
885
557
570
678
574
593
671
859
664
985
1257
746
693
732
1877
924
937
1100
1083
1366
1105
1433
1122
1118
1131
1724
1127
1163
1320
1167
1769
1335
2179
1357
1425
1478
2183
1899
2855
2440
1861
2037
2205
2294
2227
2285
2438
3339
2451
2290
2487
2330
3493
2502
2760
4406
2692
2782
2835
2903
4819
3760
4665
6870
4714
4989
4264
8482
6247
4512
6595
4620
4741
4781
9770
4817
9406
5194
5262
5452
5474
10646
8425
5738
10011
9083
8024
9730
8978
8776
10441
10867
9132
9253
15427
9361
9401
9522
19417
10291
10079
10456
14535
14996
10926
11212
18339
14716
13762
16800
17002
19842
18029
19988
28418
18385
18493
37550
18614
18762
18883
18923
24238
20370
28297
32874
25461
22138
29419
24688
24974
33209
30764
44384
33802
35031
55019
36414
50556
50435
37147
37416
37497
49526
37685
47112
39293
49212
45058
74477
46826
70949
82555
84358
119702
70032
81800
80089
68833
70216
71445
74099
73911
74563
74644
75182
194346
76790
82743
109130
119157
143310
91884
113891
142394
115659
185920
184107
138865
139049
142932
149281
146008
140278
141661
146627
167066
151353
201014
225675
229370
430384
243856
174627
205775
230749
207543
241165
229550
254524
254708
277914
279143
288940
372302
281939
295908
448708
286905
293014
541613
654241
650216
403997
380402
1191829
382170
664109
404177
460299
517654
437093
484074
557057
543464
572157
568083
561082
568844
579919
678078
1078736
667307
669075
673416
762572
1077593
784399
1482733
784579
786347
841270
864476
1106168
921167
954747
980557
1045156
1358504
2051577
1129165
1129926
1141001
1148763
1247226
1336382
1537892
1340723
1342491
1435988
1546971
1568978
1570746
2278689
1707514
1627617
1705746
2062168
2527528
2175082
2025713
2676136
2270166
2259091
2465547
2270927
2711747
4303753
3963516
3046469
3063605
2968340
2683214
4851218
4982674
5305560
3274724
3198363
3333363
3335131
3886708
3731459
4087881
6358047
4200795
4491260
4529257
4530018
7459600
4736474
4954141
7423012
5651554
6016577
6379832
5746819
5881577
6609855
6473087
9936815
9266492
6608087
12464855
12413741
7066590
15283069
7819340
8288676
8692055
9484159
9265731
9059275
10970718
10483293
14918046
10605695
11398373
21524130
11628396
12126651
16332321
12354664
13081174
13539677
14885930
15873818
18543434
17085071
15355266
15758645
16108016
16511395
16980731
17751330
28113309
18325006
22234091
21454011
32958889
22004068
22732346
33580662
28866059
31624608
24481315
25435838
25894341
30061905
28425607
30241196
36868440
38745486
31113911
55726217
31866661
64072800
41947233
34732061
36076336
57518949
39779017
43458079
44186357
46485383
47213661
50375656
68312723
92794038
70020213
59213376
96081816
54319948
58487512
58666803
80616852
74511078
62980572
67942997
78023569
78190140
70808397
76679294
75855353
90154673
83237096
113533324
121481648
90671740
97589317
101533609
109589032
112807460
141004141
172100395
112986751
208947138
161260665
223015257
121647375
187612601
235180699
147487691
168344813
204205064
146663750
152534647
159092449
166010026
210576068
312673776
188261057
192205349
248197359
199122926
369668517
222396492
259650501
253990892
234634126
395894791
464566960
307924415
268311125
289992188
452402423
294151441
572324277
363297513
460516474
516508484
311627096
354271083
387383983
432972560
470593851
617288405
433757052
630528917
608261975
549642689
457030618
553801942
983399741
502945251
558303313
562462566
648422524
584143629
601619284
699011079
879805997
